오징어 가격
2.8224823
2.9093792
2.9939702
2.8834286
2.7675796
2.7412832
2.7663634
2.514451
2.7946997
2.839246
2.841552
2.8103914
2.5725079
2.7448063
2.7787008
2.873365
2.8778632
2.776028
2.928577
2.8836808
2.8110769
2.8534296
2.723968
2.8164475
2.8983862
2.7895858

연어 가격
12.226155
11.738839
12.941884
11.864798
12.597519
14.151761
12.325335
12.215668
12.570293
12.528723
12.61331
12.4137
12.607134
12.532559
12.547703
12.536609
12.514321
12.484663
13.008266
12.919378
12.383861
12.587986
12.301582
12.320815
12.631791
12.392652

흰다리새우 가격
9.602226
9.545191
9.417905
9.612973
9.398863
9.563387
9.45614
9.524134
9.998379
9.562173
9.779091
10.093937
9.839126
9.450276
9.364107
10.161958
9.342306
9.437617
9.535079
9.415905
9.797186
9.585009
9.429301
9.518797
9.619355
9.412583